[gd_scene load_steps=9 format=3 uid="uid://ddxwhl28eo7i0"]

[ext_resource type="PackedScene" uid="uid://cvfl67fqc85bw" path="res://Blender/cat_0.glb" id="1_ikln6"]
[ext_resource type="Script" uid="uid://6nkbi6nb1g0a" path="res://Scenes/planes.gd" id="1_ktkpj"]
[ext_resource type="Script" uid="uid://xh1gksfr2li8" path="res://Characters/Cat/cat.gd" id="2_1ddll"]
[ext_resource type="PackedScene" uid="uid://by358ro5wa8yc" path="res://Items/Trees/tree_1.tscn" id="3_pfm6d"]

[sub_resource type="BoxShape3D" id="BoxShape3D_mvyjq"]
size = Vector3(40, 0.1, 40)

[sub_resource type="StandardMaterial3D" id="StandardMaterial3D_ikln6"]
albedo_color = Color(0.366085, 0.43848, 0.184363, 1)

[sub_resource type="BoxMesh" id="BoxMesh_1ddll"]
material = SubResource("StandardMaterial3D_ikln6")
size = Vector3(40, 0.1, 40)

[sub_resource type="BoxShape3D" id="BoxShape3D_1ddll"]
size = Vector3(0.249512, 0.430298, 1.0813)

[node name="Planes" type="Node3D"]
script = ExtResource("1_ktkpj")

[node name="StaticBody3D" type="StaticBody3D" parent="."]

[node name="CollisionShape3D" type="CollisionShape3D" parent="StaticBody3D"]
shape = SubResource("BoxShape3D_mvyjq")

[node name="MeshInstance3D" type="MeshInstance3D" parent="StaticBody3D"]
mesh = SubResource("BoxMesh_1ddll")

[node name="CharacterBody3D" type="CharacterBody3D" parent="."]
transform = Transform3D(1, 0, 0, 0, 1, 0, 0, 0, 1, 0, 0.389519, 0)
script = ExtResource("2_1ddll")

[node name="Cat" parent="CharacterBody3D" instance=ExtResource("1_ikln6")]
transform = Transform3D(1, 0, 0, 0, 1, 0, 0, 0, 1, 0.00262058, 0.354166, 0.18151)

[node name="CollisionShape3D" type="CollisionShape3D" parent="CharacterBody3D"]
transform = Transform3D(1, 0, 0, 0, 1, 0, 0, 0, 1, 0.00268555, 0.266785, 0.106323)
shape = SubResource("BoxShape3D_1ddll")

[node name="TwistPivot" type="Node3D" parent="CharacterBody3D"]
transform = Transform3D(1, 0, 0, 0, 1, 0, 0, 0, 1, 0, 0.340026, 0.191371)

[node name="PitchPivot" type="Node3D" parent="CharacterBody3D/TwistPivot"]

[node name="Camera3D" type="Camera3D" parent="CharacterBody3D/TwistPivot/PitchPivot"]
transform = Transform3D(-1, 2.22045e-16, -8.74228e-08, -2.95342e-09, 0.999429, 0.0337831, 8.73729e-08, 0.0337831, -0.999429, 0, 0.783269, -2.73795)

[node name="DirectionalLight3D" type="DirectionalLight3D" parent="."]
transform = Transform3D(1, 0, 0, 0, -0.189678, 0.981846, 0, -0.981846, -0.189678, -6.68837, 7.27087, -7.82342)
light_energy = 3.015

[node name="Tree_1" parent="." instance=ExtResource("3_pfm6d")]
transform = Transform3D(1, 0, 0, 0, 1, 0, 0, 0, 1, -1, 0.749001, 2)

[node name="Tree_2" parent="." instance=ExtResource("3_pfm6d")]
transform = Transform3D(1, 0, 0, 0, 1, 0, 0, 0, 1, 2, 0.518204, 4)

[node name="DirectionalLight3D2" type="DirectionalLight3D" parent="."]
transform = Transform3D(0.965926, -0.12941, 0.224144, 0, 0.866025, 0.5, -0.258819, -0.482963, 0.836516, 7, 32, 10)
light_color = Color(0.863079, 0.893664, 0.616792, 1)
light_energy = 1.85
